vertexs_tumor = [ 123.87,	85.38,	67.2,	48;
134.05,	85.71,	67.2,	48;
135.69,	92.61,	67.2,	48;
134.05,	99.83,	67.2,	48;
124.86,	100.81,	67.2,	48;
122.56,	93.92,	67.2,	48;
123.87,	85.06,	65.8,	47;
132.73,	84.07,	65.8,	47;
135.69,	88.34,	65.8,	47;
137,    91.29,	65.8,	47;
138.64,	94.9,	65.8,	47;
137.33,	101.14,	65.8,	47;
131.75,	103.76,	65.8,	47;
127.81,	106.06,	65.8,	47;
125.84,	101.79,	65.8,	47;
123.87,	98.51,	65.8,	47;
122.56,	93.92,	65.8,	47;
123.54,	88.99,	65.8,	47;
123.54,	84.76,	64.4,	46;
127.48,	83.74,	64.4,	46;
132.41,	83.09,	64.4,	46;
135.03,	85.71,	64.4,	46;
136.34,	88.67,	64.4,	46;
140.28,	90.31,	64.4,	46;
143.24,	92.28,	64.4,	46;
143.24,	95.89,	64.4,	46;
139.3,	102.12,	64.4,	46;
136.34,	105.41,	64.4,	46;
131.75,	107.7,	64.4,	46;
126.83,	107.37,	64.4,	46;
124.53,	102.78,	64.4,	46;
121.57,	98.51,	64.4,	46;
120.59,	93.26,	64.4,	46;
121.9,	88.99,	64.4,	46;
122.89,	86.7,	64.4,	46;
123.22,	85.38,	63,     45;
130.76,	82.1,	63,     45;
136.67,	85.38,	63,     45;
140.61,	89.65,	63,     45;
144.88,	92.61,	63,     45;
146.85,	96.22,	63,     45;
144.55,	99.17,	63,     45;
139.63,	103.76,	63,     45;
135.36,	109.02,	63,     45;
127.81,	109.34,	63,     45;
123.54,	105.08,	63,     45;
120.92,	99.5,	63,     45;
119.93,	93.92,	63,     45;
121.57,	88.99,	63,     45;
123.54,	83.09,	61.6,	44;
129.78,	82.1,	61.6,	44;
134.37,	83.42,	61.6,	44;
136.67,	86.37,	61.6,	44;
142.25,	88.34,	61.6,	44;
145.53,	92.93,	61.6,	44;
146.85,	98.18,	61.6,	44;
143.56,	102.45,	61.6,	44;
137.98,	108.69,	61.6,	44;
133.72,	110.66,	61.6,	44;
127.15,	111.31,	61.6,	44;
123.22,	105.41,	61.6,	44;
120.92,	99.83,	61.6,	44;
118.95,	93.26,	61.6,	44;
120.92,	88.01,	61.6,	44;
130.44,	82.1,	60.2,	43;
137.98,	85.71,	60.2,	43;
144.22,	89.98,	60.2,	43;
147.17,	96.54,	60.2,	43;
144.55	103.44,	60.2,	43;
137,    111.31,	60.2,	43;
129.78,	111.28,	60.2,	43;
123.87,	109.67,	60.2,	43;
119.61,	101.14,	60.2,	43;
118.62,	94.57,	60.2,	43;
120.92,	87.35,	60.2,	43;
124.2,	82.76,	60.2,	43;
126.83,	81.12,	58.8,	42;
135.03,	82.76,	58.8,	42;
143.56,	88.99,	58.8,	42;
147.5,	94.9,	58.8,	42;
147.17,	101.79,	58.8,	42;
141.59,	109.02,	58.8,	42;
134.37,	113.28,	58.8,	42;
126.5,	112.63,	58.8,	42;
120.92,	105.73,	58.8,	42;
118.29,	99.83,	58.8,	42;
118.95,	89.65,	58.8,	42;
122.89,	84.4,	58.8,	42;
129.45,	81.12,	57.4,	41;
136.02,	82.43,	57.4,	41;
140.61,	85.71,	57.4,	41;
145.86,	91.29,	57.4,	41;
148.16,	97.86,	57.4,	41;
144.88,	105.41,	57.4,	41;
140.61,	111.97,	57.4,	41;
131.09,	114.27,	57.4,	41;
123.54,	111.31,	57.4,	41;
117.96,	102.12,	57.4,	41;
118.62,	90.96,	57.4,	41;
123.22,	83.09,	57.4,	41;
127.15,	81.77,	56,     40;
137.98,	82.43,	56,     40;
142.58,	86.37,	56,     40;
146.52,	91.62,	56,     40;
148.16,	100.48,	56,     40;
145.86,	106.39,	56,     40;
141.27,	110.33,	56,     40;
136.02,	114.59,	56,     40;
127.15,	114.92,	56,     40;
119.93,	106.06,	56,     40;
117.96,	96.22,	56,     40;
119.61,	87.03,	56,     40;
123.87,	82.1,	56,     40;
130.11,	80.79,	54.6,	39;
137,    81.45,	54.6,	39;
142.91,	87.03,	54.6,	39;
146.52,	91.62,	54.6,	39;
148.49,	102.45,	54.6,	39;
142.25,	109.67,	54.6,	39;
139.63,	113.61,	54.6,	39;
129.12,	114.27,	54.6,	39;
125.18,	113.61,	54.6,	39;
118.29,	103.11,	54.6,	39;
118.29,	93.92,	54.6,	39;
119.93,	86.7,	54.6,	39;
124.86,	81.45,	54.6,	39;
128.14,	81.12,	53.2,	38;
136.34,	81.12,	53.2,	38;
142.25,	85.38,	53.2,	38;
148.16,	94.57,	53.2,	38;
147.17,	103.76,	53.2,	38;
143.56,	108.03,	53.2,	38;
140.28,	113.94,	53.2,	38;
127.48,	114.59,	53.2,	38;
121.25,	108.03,	53.2,	38;
117.64,	103.44,	53.2,	38;
114.03,	99.17,	53.2,	38;
118.62,	93.26,	53.2,	38;
121.25,	85.06,	53.2,	38;
125.84,	81.45,	53.2,	38;
129.45,	80.46,	51.8,	37;
139.3,	81.12,	51.8,	37;
147.5,	94.57,	51.8,	37;
144.22,	107.37,	51.8,	37;
140.61,	113.28,	51.8,	37;
128.47,	115.25,	51.8,	37;
124.53,	116.89,	51.8,	37;
117.96,	104.09,	51.8,	37;
112.71,	100.81,	51.8,	37;
117.64,	93.92,	51.8,	37;
121.25,	87.03,	51.8,	37;
125.51,	80.79,	51.8,	37;
128.47,	81.12,	50.4,	36;
138.97,	80.79,	50.4,	36;
148.82,	95.23,	50.4,	36;
141.92,	110.66,	50.4,	36;
138.64,	114.27,	50.4,	36;
132.41,	115.25,	50.4,	36;
125.51,	115.25,	50.4,	36;
118.95,	104.75,	50.4,	36;
112.71,	101.47,	50.4,	36;
115.34,	92.93,	50.4,	36;
119.61,	92.28,	50.4,	36;
121.25,	85.71,	50.4,	36;
127.15,	81.45,	50.4,	36;
128.79,	80.79,	49,     35;
137.33,	80.79,	49,     35;
142.25,	84.4,	49,     35;
145.21,	89.65,	49,     35;
147.17,	98.51,	49,     35;
145.53,	104.75,	49,     35;
142.58,	110.98,	49,     35;
137,    115.25,	49,     35;
126.83,	114.92,	49,     35;
122.23,	109.02,	49,     35;
114.03,	102.45,	49,     35;
112.38,	99.17,	49,     35;
116.98,	91.95,	49,     35;
120.92,	93.26,	49,     35;
120.59,	88.01,	49,     35;
124.53,	81.77,	49,     35;
130.11,	80.46,	47.6,	34;
137.33,	80.79,	47.6,	34;
141.92,	85.38,	47.6,	34;
146.85,	94.9,	47.6,	34;
146.52,	101.79,	47.6,	34;
139.3,	113.61,	47.6,	34;
132.41,	115.25,	47.6,	34;
124.86,	111.97,	47.6,	34;
118.62,	105.08,	47.6,	34;
112.71,	101.47,	47.6,	34;
113.37,	96.22,	47.6,	34;
119.93,	91.95,	47.6,	34;
124.86,	82.43,	47.6,	34;
129.12,	81.45,	46.2,	33;
136.34,	81.12,	46.2,	33;
141.59,	84.73,	46.2,	33;
146.52,	94.25,	46.2,	33;
143.56,	106.39,	46.2,	33;
136.34,	114.59,	46.2,	33;
126.5,	113.61,	46.2,	33;
118.62,	104.42,	46.2,	33;
114.03,	101.14,	46.2,	33;
114.68,	95.56,	46.2,	33;
120.92,	92.28,	46.2,	33;
125.84,	83.09,	46.2,	33;
129.78,	81.45,	44.8,	32;
137.66,	82.43,	44.8,	32;
142.91,	87.35,	44.8,	32;
146.19,	96.54,	44.8,	32;
144.22,	104.09,	44.8,	32;
138.64,	112.95,	44.8,	32;
133.06,	113.94,	44.8,	32;
124.53,	110.66,	44.8,	32;
120.26,	105.08,	44.8,	32;
116.98,	99.5,	44.8,	32;
120.92,	94.9,	44.8,	32;
122.23,	88.99,	44.8,	32;
126.5,	83.09,	44.8,	32;
130.44,	82.1,	43.4,	31;
137.33,	83.42,	43.4,	31;
143.56,	90.96,	43.4,	31;
145.21,	99.5,	43.4,	31;
138.64,	111.64,	43.4,	31;
135.03,	113.94,	43.4,	31;
125.18,	111.31,	43.4,	31;
120.59,	102.45,	43.4,	31;
122.23,	93.92,	43.4,	31;
123.54,	87.35,	43.4,	31;
127.48,	82.1,	43.4,	31;
130.11,	83.74,	42,     30;
137, 	84.4,	42,     30;
142.58,	89.98,	42,     30;
144.88,	98.84,	42,     30;
137.66,	112.63,	42,     30;
134.37,	114.59,	42,     30;
127.15,	111.31,	42,     30;
121.57,	103.76,	42,     30;
119.93,	97.2,	42,     30;
125.18,	88.01,	42,     30;
130.11,	85.38,	40.6,	29;
138.97,	87.68,	40.6,	29;
143.89,	96.22,	40.6,	29;
144.55,	100.81,	40.6,	29;
139.63,	108.69,	40.6,	29;
137.66,	113.61,	40.6,	29;
136.02,	115.58,	40.6,	29;
128.47,	110.66,	40.6,	29;
121.57,	103.76,	40.6,	29;
121.9,	95.56,	40.6,	29;
125.84,	87.69,	40.6,	29;
129.78,	87.35,	39.2,	28;
135.36,	88.34,	39.2,	28;
139.3,	90.96,	39.2,	28;
143.24,	97.53,	39.2,	28;
141.92,	103.11,	39.2,	28;
138.31,	108.69,	39.2,	28;
136.02,	113.28,	39.2,	28;
130.11,	109.67,	39.2,	28;
122.89,	105.41,	39.2,	28;
120.92,	97.86,	39.2,	28;
122.56,	91.95,	39.2,	28;
126.83,	87.35,	39.2,	28;
129.12,	87.35,	37.8,	27;
136.34,	89.65,	37.8,	27;
140.61,	93.92,	37.8,	27;
141.92,	100.15,	37.8,	27;
137.98,	107.05,	37.8,	27;
133.72,	109.34,	37.8,	27;
126.5,	108.03,	37.8,	27;
121.25,	103.76,	37.8,	27;
122.23,	95.56,	37.8,	27;
125.84,	89.32,	37.8,	27;
129.45,	88.67,	36.4,	26;
136.02,	90.64,	36.4,	26;
138.64,	94.9,	36.4,	26;
140.61,	100.81,	36.4,	26;
136.34,	106.39,	36.4,	26;
128.47,	107.05,	36.4,	26;
122.56,	103.44,	36.4,	26;
123.22,	95.56,	36.4,	26;
126.5,  89.32,	36.4,	26;
129.45,	89.98,	35,     25;
134.37,	91.62,	35,     25;
137.66,	96.87,	35,     25;
137.98,	102.45,	35,     25;
134.37,	105.73,	35,     25;
127.15,	106.06,	35,     25;
122.89,	102.78,	35,     25;
124.2,	95.89,	35,     25;
126.83,	90.31,	35,     25;
129.45,	91.95,	33.6,	24;
134.7,	94.25,	33.6,	24;
135.03,	99.17,	33.6,	24;
133.06,	102.78,	33.6,	24;
125.18,	103.44,	33.6,	24;
124.53,	97.86,	33.6,	24;
127.15,	92.61,	33.6,	24; ];