vertexs_tumor = [ 123.87,	85.38,	67.2;
134.05,	85.71,	67.2;
135.69,	92.61,	67.2;
134.05,	99.83,	67.2;
124.86,	100.81,	67.2;
122.56,	93.92,	67.2;
123.87,	85.06,	65.8;
132.73,	84.07,	65.8;
135.69,	88.34,	65.8;
137,    91.29,	65.8;
138.64,	94.9,	65.8;
137.33,	101.14,	65.8;
131.75,	103.76,	65.8;
127.81,	106.06,	65.8;
125.84,	101.79,	65.8;
123.87,	98.51,	65.8;
122.56,	93.92,	65.8;
123.54,	88.99,	65.8;
123.54,	84.76,	64.4;
127.48,	83.74,	64.4;
132.41,	83.09,	64.4;
135.03,	85.71,	64.4;
136.34,	88.67,	64.4;
140.28,	90.31,	64.4;
143.24,	92.28,	64.4;
143.24,	95.89,	64.4;
139.3,	102.12,	64.4;
136.34,	105.41,	64.4;
131.75,	107.7,	64.4;
126.83,	107.37,	64.4;
124.53,	102.78,	64.4;
121.57,	98.51,	64.4;
120.59,	93.26,	64.4;
121.9,	88.99,	64.4;
122.89,	86.7,	64.4;
123.22,	85.38,	63;
130.76,	82.1,	63;
136.67,	85.38,	63;
140.61,	89.65,	63;
144.88,	92.61,	63;
146.85,	96.22,	63;
144.55,	99.17,	63;
139.63,	103.76,	63;
135.36,	109.02,	63;
127.81,	109.34,	63;
123.54,	105.08,	63;
120.92,	99.5,	63;
119.93,	93.92,	63;
121.57,	88.99,	63;
123.54,	83.09,	61.6;
129.78,	82.1,	61.6;
134.37,	83.42,	61.6;
136.67,	86.37,	61.6;
142.25,	88.34,	61.6;
145.53,	92.93,	61.6;
146.85,	98.18,	61.6;
143.56,	102.45,	61.6;
137.98,	108.69,	61.6;
133.72,	110.66,	61.6;
127.15,	111.31,	61.6;
123.22,	105.41,	61.6;
120.92,	99.83,	61.6;
118.95,	93.26,	61.6;
120.92,	88.01,	61.6;
130.44,	82.1,	60.2;
137.98,	85.71,	60.2;
144.22,	89.98,	60.2;
147.17,	96.54,	60.2;
144.55	103.44,	60.2;
137,    111.31,	60.2;
129.78,	111.28,	60.2;
123.87,	109.67,	60.2;
119.61,	101.14,	60.2;
118.62,	94.57,	60.2;
120.92,	87.35,	60.2;
124.2,	82.76,	60.2;
126.83,	81.12,	58.8;
135.03,	82.76,	58.8;
143.56,	88.99,	58.8;
147.5,	94.9,	58.8;
147.17,	101.79,	58.8;
141.59,	109.02,	58.8;
134.37,	113.28,	58.8;
126.5,	112.63,	58.8;
120.92,	105.73,	58.8;
118.29,	99.83,	58.8;
118.95,	89.65,	58.8;
122.89,	84.4,	58.8;
129.45,	81.12,	57.4;
136.02,	82.43,	57.4;
140.61,	85.71,	57.4;
145.86,	91.29,	57.4;
148.16,	97.86,	57.4;
144.88,	105.41,	57.4;
140.61,	111.97,	57.4;
131.09,	114.27,	57.4;
123.54,	111.31,	57.4;
117.96,	102.12,	57.4;
118.62,	90.96,	57.4;
123.22,	83.09,	57.4;
127.15,	81.77,	56;
137.98,	82.43,	56;
142.58,	86.37,	56;
146.52,	91.62,	56;
148.16,	100.48,	56;
145.86,	106.39,	56;
141.27,	110.33,	56;
136.02,	114.59,	56;
127.15,	114.92,	56;
119.93,	106.06,	56;
117.96,	96.22,	56;
119.61,	87.03,	56;
123.87,	82.1,	56;
130.11,	80.79,	54.6;
137,    81.45,	54.6;
142.91,	87.03,	54.6;
146.52,	91.62,	54.6;
148.49,	102.45,	54.6;
142.25,	109.67,	54.6;
139.63,	113.61,	54.6;
129.12,	114.27,	54.6;
125.18,	113.61,	54.6;
118.29,	103.11,	54.6;
118.29,	93.92,	54.6;
119.93,	86.7,	54.6;
124.86,	81.45,	54.6;
128.14,	81.12,	53.2;
136.34,	81.12,	53.2;
142.25,	85.38,	53.2;
148.16,	94.57,	53.2;
147.17,	103.76,	53.2;
143.56,	108.03,	53.2;
140.28,	113.94,	53.2;
127.48,	114.59,	53.2;
121.25,	108.03,	53.2;
117.64,	103.44,	53.2;
114.03,	99.17,	53.2;
118.62,	93.26,	53.2;
121.25,	85.06,	53.2;
125.84,	81.45,	53.2;
129.45,	80.46,	51.8;
139.3,	81.12,	51.8;
147.5,	94.57,	51.8;
144.22,	107.37,	51.8;
140.61,	113.28,	51.8;
128.47,	115.25,	51.8;
124.53,	116.89,	51.8;
117.96,	104.09,	51.8;
112.71,	100.81,	51.8;
117.64,	93.92,	51.8;
121.25,	87.03,	51.8;
125.51,	80.79,	51.8;
128.47,	81.12,	50.4;
138.97,	80.79,	50.4;
148.82,	95.23,	50.4;
141.92,	110.66,	50.4;
138.64,	114.27,	50.4;
132.41,	115.25,	50.4;
125.51,	115.25,	50.4;
118.95,	104.75,	50.4;
112.71,	101.47,	50.4;
115.34,	92.93,	50.4;
119.61,	92.28,	50.4;
121.25,	85.71,	50.4;
127.15,	81.45,	50.4;
128.79,	80.79,	49;
137.33,	80.79,	49;
142.25,	84.4,	49;
145.21,	89.65,	49;
147.17,	98.51,	49;
145.53,	104.75,	49;
142.58,	110.98,	49;
137,    115.25,	49;
126.83,	114.92,	49;
122.23,	109.02,	49;
114.03,	102.45,	49;
112.38,	99.17,	49;
116.98,	91.95,	49;
120.92,	93.26,	49;
120.59,	88.01,	49;
124.53,	81.77,	49;
130.11,	80.46,	47.6;
137.33,	80.79,	47.6;
141.92,	85.38,	47.6;
146.85,	94.9,	47.6;
146.52,	101.79,	47.6;
139.3,	113.61,	47.6;
132.41,	115.25,	47.6;
124.86,	111.97,	47.6;
118.62,	105.08,	47.6;
112.71,	101.47,	47.6;
113.37,	96.22,	47.6;
119.93,	91.95,	47.6;
124.86,	82.43,	47.6;
129.12,	81.45,	46.2;
136.34,	81.12,	46.2;
141.59,	84.73,	46.2;
146.52,	94.25,	46.2;
143.56,	106.39,	46.2;
136.34,	114.59,	46.2;
126.5,	113.61,	46.2;
118.62,	104.42,	46.2;
114.03,	101.14,	46.2;
114.68,	95.56,	46.2;
120.92,	92.28,	46.2;
125.84,	83.09,	46.2;
129.78,	81.45,	44.8;
137.66,	82.43,	44.8;
142.91,	87.35,	44.8;
146.19,	96.54,	44.8;
144.22,	104.09,	44.8;
138.64,	112.95,	44.8;
133.06,	113.94,	44.8;
124.53,	110.66,	44.8;
120.26,	105.08,	44.8;
116.98,	99.5,	44.8;
120.92,	94.9,	44.8;
122.23,	88.99,	44.8;
126.5,	83.09,	44.8;
130.44,	82.1,	43.4;
137.33,	83.42,	43.4;
143.56,	90.96,	43.4;
145.21,	99.5,	43.4;
138.64,	111.64,	43.4;
135.03,	113.94,	43.4;
125.18,	111.31,	43.4;
120.59,	102.45,	43.4;
122.23,	93.92,	43.4;
123.54,	87.35,	43.4;
127.48,	82.1,	43.4;
130.11,	83.74,	42;
137, 	84.4,	42;
142.58,	89.98,	42;
144.88,	98.84,	42;
137.66,	112.63,	42;
134.37,	114.59,	42;
127.15,	111.31,	42;
121.57,	103.76,	42;
119.93,	97.2,	42;
125.18,	88.01,	42;
130.11,	85.38,	40.6;
138.97,	87.68,	40.6;
143.89,	96.22,	40.6;
144.55,	100.81,	40.6;
139.63,	108.69,	40.6;
137.66,	113.61,	40.6;
136.02,	115.58,	40.6;
128.47,	110.66,	40.6;
121.57,	103.76,	40.6;
121.9,	95.56,	40.6;
125.84,	87.69,	40.6;
129.78,	87.35,	39.2;
135.36,	88.34,	39.2;
139.3,	90.96,	39.2;
143.24,	97.53,	39.2;
141.92,	103.11,	39.2;
138.31,	108.69,	39.2;
136.02,	113.28,	39.2;
130.11,	109.67,	39.2;
122.89,	105.41,	39.2;
120.92,	97.86,	39.2;
122.56,	91.95,	39.2;
126.83,	87.35,	39.2;
129.12,	87.35,	37.8;
136.34,	89.65,	37.8;
140.61,	93.92,	37.8;
141.92,	100.15,	37.8;
137.98,	107.05,	37.8;
133.72,	109.34,	37.8;
126.5,	108.03,	37.8;
121.25,	103.76,	37.8;
122.23,	95.56,	37.8;
125.84,	89.32,	37.8;
129.45,	88.67,	36.4;
136.02,	90.64,	36.4;
138.64,	94.9,	36.4;
140.61,	100.81,	36.4;
136.34,	106.39,	36.4;
128.47,	107.05,	36.4;
122.56,	103.44,	36.4;
123.22,	95.56,	36.4;
126.5,  89.32,	36.4;
129.45,	89.98,	35;
134.37,	91.62,	35;
137.66,	96.87,	35;
137.98,	102.45,	35;
134.37,	105.73,	35;
127.15,	106.06,	35;
122.89,	102.78,	35;
124.2,	95.89,	35;
126.83,	90.31,	35;
129.45,	91.95,	33.6;
134.7,	94.25,	33.6;
135.03,	99.17,	33.6;
133.06,	102.78,	33.6;
125.18,	103.44,	33.6;
124.53,	97.86,	33.6;
127.15,	92.61,	33.6; ];